%Mat Object: stiffnessMatrix 2 MPI processes
%  type: mpiaij
% Size = 121 121 
% Nonzeros = 961 
zzz = zeros(961,3);
zzz = [
1 1  1.0000000000000000e+00
1 2  0.0000000000000000e+00
1 12  0.0000000000000000e+00
1 13  0.0000000000000000e+00
2 1  0.0000000000000000e+00
2 2  1.0000000000000000e+00
2 3  0.0000000000000000e+00
2 12  0.0000000000000000e+00
2 13  0.0000000000000000e+00
2 14  0.0000000000000000e+00
3 2  0.0000000000000000e+00
3 3  1.0000000000000000e+00
3 4  0.0000000000000000e+00
3 13  0.0000000000000000e+00
3 14  0.0000000000000000e+00
3 15  0.0000000000000000e+00
4 3  0.0000000000000000e+00
4 4  1.0000000000000000e+00
4 5  0.0000000000000000e+00
4 14  0.0000000000000000e+00
4 15  0.0000000000000000e+00
4 16  0.0000000000000000e+00
5 4  0.0000000000000000e+00
5 5  1.0000000000000000e+00
5 6  0.0000000000000000e+00
5 15  0.0000000000000000e+00
5 16  0.0000000000000000e+00
5 17  0.0000000000000000e+00
6 5  0.0000000000000000e+00
6 6  1.0000000000000000e+00
6 7  0.0000000000000000e+00
6 16  0.0000000000000000e+00
6 17  0.0000000000000000e+00
6 18  0.0000000000000000e+00
7 6  0.0000000000000000e+00
7 7  1.0000000000000000e+00
7 8  0.0000000000000000e+00
7 17  0.0000000000000000e+00
7 18  0.0000000000000000e+00
7 19  0.0000000000000000e+00
8 7  0.0000000000000000e+00
8 8  1.0000000000000000e+00
8 9  0.0000000000000000e+00
8 18  0.0000000000000000e+00
8 19  0.0000000000000000e+00
8 20  0.0000000000000000e+00
9 8  0.0000000000000000e+00
9 9  1.0000000000000000e+00
9 10  0.0000000000000000e+00
9 19  0.0000000000000000e+00
9 20  0.0000000000000000e+00
9 21  0.0000000000000000e+00
10 9  0.0000000000000000e+00
10 10  1.0000000000000000e+00
10 11  0.0000000000000000e+00
10 20  0.0000000000000000e+00
10 21  0.0000000000000000e+00
10 22  0.0000000000000000e+00
11 10  0.0000000000000000e+00
11 11  1.0000000000000000e+00
11 21  0.0000000000000000e+00
11 22  0.0000000000000000e+00
12 1  0.0000000000000000e+00
12 2  0.0000000000000000e+00
12 12  -1.3333333333333333e+00
12 13  3.3333333333333331e-01
12 23  1.6666666666666666e-01
12 24  3.3333333333333331e-01
13 1  0.0000000000000000e+00
13 2  0.0000000000000000e+00
13 3  0.0000000000000000e+00
13 12  3.3333333333333331e-01
13 13  -2.6666666666666665e+00
13 14  3.3333333333333331e-01
13 23  3.3333333333333331e-01
13 24  3.3333333333333331e-01
13 25  3.3333333333333331e-01
14 2  0.0000000000000000e+00
14 3  0.0000000000000000e+00
14 4  0.0000000000000000e+00
14 13  3.3333333333333331e-01
14 14  -2.6666666666666665e+00
14 15  3.3333333333333331e-01
14 24  3.3333333333333331e-01
14 25  3.3333333333333331e-01
14 26  3.3333333333333331e-01
15 3  0.0000000000000000e+00
15 4  0.0000000000000000e+00
15 5  0.0000000000000000e+00
15 14  3.3333333333333331e-01
15 15  -2.6666666666666665e+00
15 16  3.3333333333333331e-01
15 25  3.3333333333333331e-01
15 26  3.3333333333333331e-01
15 27  3.3333333333333331e-01
16 4  0.0000000000000000e+00
16 5  0.0000000000000000e+00
16 6  0.0000000000000000e+00
16 15  3.3333333333333331e-01
16 16  -2.6666666666666665e+00
16 17  3.3333333333333331e-01
16 26  3.3333333333333331e-01
16 27  3.3333333333333331e-01
16 28  3.3333333333333331e-01
17 5  0.0000000000000000e+00
17 6  0.0000000000000000e+00
17 7  0.0000000000000000e+00
17 16  3.3333333333333331e-01
17 17  -2.6666666666666665e+00
17 18  3.3333333333333331e-01
17 27  3.3333333333333331e-01
17 28  3.3333333333333331e-01
17 29  3.3333333333333331e-01
18 6  0.0000000000000000e+00
18 7  0.0000000000000000e+00
18 8  0.0000000000000000e+00
18 17  3.3333333333333331e-01
18 18  -2.6666666666666665e+00
18 19  3.3333333333333331e-01
18 28  3.3333333333333331e-01
18 29  3.3333333333333331e-01
18 30  3.3333333333333331e-01
19 7  0.0000000000000000e+00
19 8  0.0000000000000000e+00
19 9  0.0000000000000000e+00
19 18  3.3333333333333331e-01
19 19  -2.6666666666666665e+00
19 20  3.3333333333333331e-01
19 29  3.3333333333333331e-01
19 30  3.3333333333333331e-01
19 31  3.3333333333333331e-01
20 8  0.0000000000000000e+00
20 9  0.0000000000000000e+00
20 10  0.0000000000000000e+00
20 19  3.3333333333333331e-01
20 20  -2.6666666666666665e+00
20 21  3.3333333333333331e-01
20 30  3.3333333333333331e-01
20 31  3.3333333333333331e-01
20 32  3.3333333333333331e-01
21 9  0.0000000000000000e+00
21 10  0.0000000000000000e+00
21 11  0.0000000000000000e+00
21 20  3.3333333333333331e-01
21 21  -2.6666666666666665e+00
21 22  3.3333333333333331e-01
21 31  3.3333333333333331e-01
21 32  3.3333333333333331e-01
21 33  3.3333333333333331e-01
22 10  0.0000000000000000e+00
22 11  0.0000000000000000e+00
22 21  3.3333333333333331e-01
22 22  -1.3333333333333333e+00
22 32  3.3333333333333331e-01
22 33  1.6666666666666666e-01
23 12  1.6666666666666666e-01
23 13  3.3333333333333331e-01
23 23  -1.3333333333333333e+00
23 24  3.3333333333333331e-01
23 34  1.6666666666666666e-01
23 35  3.3333333333333331e-01
24 12  3.3333333333333331e-01
24 13  3.3333333333333331e-01
24 14  3.3333333333333331e-01
24 23  3.3333333333333331e-01
24 24  -2.6666666666666665e+00
24 25  3.3333333333333331e-01
24 34  3.3333333333333331e-01
24 35  3.3333333333333331e-01
24 36  3.3333333333333331e-01
25 13  3.3333333333333331e-01
25 14  3.3333333333333331e-01
25 15  3.3333333333333331e-01
25 24  3.3333333333333331e-01
25 25  -2.6666666666666665e+00
25 26  3.3333333333333331e-01
25 35  3.3333333333333331e-01
25 36  3.3333333333333331e-01
25 37  3.3333333333333331e-01
26 14  3.3333333333333331e-01
26 15  3.3333333333333331e-01
26 16  3.3333333333333331e-01
26 25  3.3333333333333331e-01
26 26  -2.6666666666666665e+00
26 27  3.3333333333333331e-01
26 36  3.3333333333333331e-01
26 37  3.3333333333333331e-01
26 38  3.3333333333333331e-01
27 15  3.3333333333333331e-01
27 16  3.3333333333333331e-01
27 17  3.3333333333333331e-01
27 26  3.3333333333333331e-01
27 27  -2.6666666666666665e+00
27 28  3.3333333333333331e-01
27 37  3.3333333333333331e-01
27 38  3.3333333333333331e-01
27 39  3.3333333333333331e-01
28 16  3.3333333333333331e-01
28 17  3.3333333333333331e-01
28 18  3.3333333333333331e-01
28 27  3.3333333333333331e-01
28 28  -2.6666666666666665e+00
28 29  3.3333333333333331e-01
28 38  3.3333333333333331e-01
28 39  3.3333333333333331e-01
28 40  3.3333333333333331e-01
29 17  3.3333333333333331e-01
29 18  3.3333333333333331e-01
29 19  3.3333333333333331e-01
29 28  3.3333333333333331e-01
29 29  -2.6666666666666665e+00
29 30  3.3333333333333331e-01
29 39  3.3333333333333331e-01
29 40  3.3333333333333331e-01
29 41  3.3333333333333331e-01
30 18  3.3333333333333331e-01
30 19  3.3333333333333331e-01
30 20  3.3333333333333331e-01
30 29  3.3333333333333331e-01
30 30  -2.6666666666666665e+00
30 31  3.3333333333333331e-01
30 40  3.3333333333333331e-01
30 41  3.3333333333333331e-01
30 42  3.3333333333333331e-01
31 19  3.3333333333333331e-01
31 20  3.3333333333333331e-01
31 21  3.3333333333333331e-01
31 30  3.3333333333333331e-01
31 31  -2.6666666666666665e+00
31 32  3.3333333333333331e-01
31 41  3.3333333333333331e-01
31 42  3.3333333333333331e-01
31 43  3.3333333333333331e-01
32 20  3.3333333333333331e-01
32 21  3.3333333333333331e-01
32 22  3.3333333333333331e-01
32 31  3.3333333333333331e-01
32 32  -2.6666666666666665e+00
32 33  3.3333333333333331e-01
32 42  3.3333333333333331e-01
32 43  3.3333333333333331e-01
32 44  3.3333333333333331e-01
33 21  3.3333333333333331e-01
33 22  1.6666666666666666e-01
33 32  3.3333333333333331e-01
33 33  -1.3333333333333333e+00
33 43  3.3333333333333331e-01
33 44  1.6666666666666666e-01
34 23  1.6666666666666666e-01
34 24  3.3333333333333331e-01
34 34  -1.3333333333333333e+00
34 35  3.3333333333333331e-01
34 45  1.6666666666666666e-01
34 46  3.3333333333333331e-01
35 23  3.3333333333333331e-01
35 24  3.3333333333333331e-01
35 25  3.3333333333333331e-01
35 34  3.3333333333333331e-01
35 35  -2.6666666666666665e+00
35 36  3.3333333333333331e-01
35 45  3.3333333333333331e-01
35 46  3.3333333333333331e-01
35 47  3.3333333333333331e-01
36 24  3.3333333333333331e-01
36 25  3.3333333333333331e-01
