%Vec Object: rightHandSide_0 2 MPI processes
%  type: mpi
rightHandSide_0 = [
0.0000000000000000e+00
2.8173255684142967e-01
5.4064081745559756e-01
7.5574957435425827e-01
9.0963199535451833e-01
9.8982144188093268e-01
9.8982144188093280e-01
9.0963199535451844e-01
7.5574957435425827e-01
5.4064081745559744e-01
2.8173255684143006e-01
-9.3910852280476548e-02
-2.7412445809900909e-01
-5.2604098288376178e-01
-7.3534079572145794e-01
-8.8506767052990309e-01
-9.6309162637212786e-01
-9.6309162637212786e-01
-8.8506767052990321e-01
-7.3534079572145794e-01
-5.2604098288376189e-01
-2.2716903195877081e-01
0.0000000000000000e+00
0.0000000000000000e+00
0.0000000000000000e+00
0.0000000000000000e+00
0.0000000000000000e+00
0.0000000000000000e+00
0.0000000000000000e+00
0.0000000000000000e+00
0.0000000000000000e+00
0.0000000000000000e+00
0.0000000000000000e+00
0.0000000000000000e+00
0.0000000000000000e+00
0.0000000000000000e+00
0.0000000000000000e+00
0.0000000000000000e+00
0.0000000000000000e+00
0.0000000000000000e+00
0.0000000000000000e+00
0.0000000000000000e+00
0.0000000000000000e+00
0.0000000000000000e+00
0.0000000000000000e+00
0.0000000000000000e+00
0.0000000000000000e+00
0.0000000000000000e+00
0.0000000000000000e+00
0.0000000000000000e+00
0.0000000000000000e+00
0.0000000000000000e+00
0.0000000000000000e+00
0.0000000000000000e+00
0.0000000000000000e+00
0.0000000000000000e+00
0.0000000000000000e+00
0.0000000000000000e+00
0.0000000000000000e+00
0.0000000000000000e+00
0.0000000000000000e+00
0.0000000000000000e+00
0.0000000000000000e+00
0.0000000000000000e+00
0.0000000000000000e+00
0.0000000000000000e+00
0.0000000000000000e+00
0.0000000000000000e+00
0.0000000000000000e+00
0.0000000000000000e+00
0.0000000000000000e+00
0.0000000000000000e+00
0.0000000000000000e+00
0.0000000000000000e+00
0.0000000000000000e+00
0.0000000000000000e+00
0.0000000000000000e+00
0.0000000000000000e+00
0.0000000000000000e+00
0.0000000000000000e+00
0.0000000000000000e+00
0.0000000000000000e+00
0.0000000000000000e+00
0.0000000000000000e+00
0.0000000000000000e+00
0.0000000000000000e+00
0.0000000000000000e+00
0.0000000000000000e+00
0.0000000000000000e+00
0.0000000000000000e+00
0.0000000000000000e+00
0.0000000000000000e+00
0.0000000000000000e+00
0.0000000000000000e+00
0.0000000000000000e+00
0.0000000000000000e+00
0.0000000000000000e+00
0.0000000000000000e+00
0.0000000000000000e+00
-9.3910852280476548e-02
-2.7412445809900909e-01
-5.2604098288376178e-01
-7.3534079572145794e-01
-8.8506767052990309e-01
-9.6309162637212786e-01
-9.6309162637212786e-01
-8.8506767052990321e-01
-7.3534079572145794e-01
-5.2604098288376189e-01
-2.2716903195877081e-01
0.0000000000000000e+00
2.8173255684142967e-01
5.4064081745559756e-01
7.5574957435425827e-01
9.0963199535451833e-01
9.8982144188093268e-01
9.8982144188093280e-01
9.0963199535451844e-01
7.5574957435425827e-01
5.4064081745559744e-01
2.8173255684143006e-01
];
