%Vec Object: solution_1 2 MPI processes
%  type: mpi
solution_1 = [
0.0000000000000000e+00
2.8173255684142323e-01
5.4064081745561687e-01
7.5574957435424839e-01
9.0963199535459216e-01
9.8982144188088372e-01
9.8982144188090593e-01
9.0963199535454597e-01
7.5574957435424839e-01
5.4064081745557224e-01
2.8173255684143966e-01
3.6781048925992932e-01
4.1958394049559877e-01
5.5943352220685083e-01
6.9537341559956145e-01
7.9933379395901483e-01
8.5663432151246843e-01
8.6091504126466523e-01
8.1329205614541689e-01
7.2351249874873791e-01
6.1514432089193638e-01
5.7431667580361423e-01
4.9509686368270323e-01
5.2237702786953444e-01
5.8958024663347974e-01
6.7043059837888586e-01
7.3818677647271003e-01
7.7884222813536308e-01
7.8652185314742795e-01
7.6275499205401220e-01
7.1742905236367061e-01
6.7345718135629973e-01
6.5431621021396735e-01
5.5995791401383810e-01
5.7454228473474600e-01
6.1301096192255444e-01
6.6189022182189139e-01
7.0663584841912952e-01
7.3635378395032713e-01
7.4615640634467195e-01
7.3722599578879611e-01
7.1698703265363739e-01
6.9705834126193056e-01
6.8889331890340011e-01
5.9054045327758875e-01
6.0009368498435744e-01
6.2568112548130550e-01
6.5949250545206850e-01
6.9210371182441865e-01
7.1578696133643294e-01
7.2659648592911663e-01
7.2516895041624130e-01
7.1619319338236387e-01
7.0660855460042815e-01
7.0258218661388439e-01
5.9961660213917556e-01
6.0773858532905434e-01
6.2966155297506832e-01
6.5901920662935731e-01
6.8793741453606050e-01
7.0971375249051161e-01
7.2079828722069739e-01
7.2156774985141636e-01
7.1582645212463403e-01
7.0910247035197793e-01
7.0622544154554323e-01
5.9054045327758886e-01
6.0009368498435744e-01
6.2568112548130550e-01
6.5949250545206861e-01
6.9210371182441865e-01
7.1578696133643294e-01
7.2659648592911663e-01
7.2516895041624130e-01
7.1619319338236387e-01
7.0660855460042815e-01
7.0258218661388439e-01
5.5995791401383832e-01
5.7454228473474622e-01
6.1301096192255455e-01
6.6189022182189150e-01
7.0663584841912952e-01
7.3635378395032702e-01
7.4615640634467206e-01
7.3722599578879622e-01
7.1698703265363739e-01
6.9705834126193056e-01
6.8889331890340011e-01
4.9509686368270334e-01
5.2237702786953455e-01
5.8958024663347985e-01
6.7043059837888597e-01
7.3818677647271014e-01
7.7884222813536308e-01
7.8652185314742806e-01
7.6275499205401198e-01
7.1742905236367061e-01
6.7345718135629962e-01
6.5431621021396735e-01
3.6781048925992943e-01
4.1958394049559888e-01
5.5943352220685094e-01
6.9537341559956134e-01
7.9933379395901483e-01
8.5663432151246832e-01
8.6091504126466512e-01
8.1329205614541689e-01
7.2351249874873802e-01
6.1514432089193649e-01
5.7431667580361434e-01
0.0000000000000000e+00
2.8173255684142323e-01
5.4064081745561687e-01
7.5574957435424839e-01
9.0963199535459216e-01
9.8982144188088372e-01
9.8982144188090593e-01
9.0963199535454597e-01
7.5574957435424839e-01
5.4064081745557224e-01
2.8173255684143966e-01
];
