%Vec Object: solution 1 MPI processes
%  type: mpi
solution = [
9.9999999999916156e-01
9.7499999997333808e-01
9.4999999994701345e-01
9.2499999992106852e-01
8.9999999989548507e-01
8.7499999987044852e-01
8.4999999984649577e-01
8.2499999982437144e-01
7.9999999980456182e-01
7.7499999978710887e-01
7.4999999977178156e-01
7.2499999975834917e-01
6.9999999974671845e-01
6.7499999973691904e-01
6.4999999972896672e-01
6.2499999972258424e-01
5.9999999971734586e-01
5.7499999971303672e-01
5.4999999970962143e-01
5.2499999970696087e-01
4.9999999970422609e-01
4.7499999970281037e-01
4.4999999970270987e-01
4.2499999970406666e-01
3.9999999970694000e-01
3.7499999971110343e-01
3.4999999971645751e-01
3.2499999972392662e-01
2.9999999973342639e-01
2.7499999974516176e-01
2.4999999975907988e-01
2.2499999977500032e-01
1.9999999979299590e-01
1.7499999981306907e-01
1.4999999983491547e-01
1.2499999985846393e-01
9.9999999883667659e-02
7.4999999910414339e-02
4.9999999939318793e-02
2.4999999969424060e-02
0.0000000000000000e+00
];
